image_width: 640
image_height: 480
camera_name: narrow_stereo
camera_matrix:
  rows: 3
  cols: 3
  data: [618.904035, 0, 321.40372, 0, 622.972813, 245.299401, 0, 0, 1]
distortion_model: plumb_bob
distortion_coefficients:
  rows: 1
  cols: 5
  data: [0.150659, -0.354694, -0.001025, -0.005654999999999999, 0]
rectification_matrix:
  rows: 3
  cols: 3
  data: [1, 0, 0, 0, 1, 0, 0, 0, 1]
projection_matrix:
  rows: 3
  cols: 4
  data: [628.282654, 0, 318.656688, 0, 0, 634.753052, 244.980405, 0, 0, 0, 1, 0]